{
  "advancedEditorSelectedIdentifier" : "ProjectBrowser",
  "openSceneRelativePaths" : [
    "Bird_With_Audio.usda",
    "DioramaAssembled.usda"
  ],
  "recentIdentifiers" : {

  },
  "sceneCameraHistory" : {
    "5297D9AC-B326-49EE-AE9B-4BB66765CE10" : [
      {
        "date" : 743405468.712782,
        "title" : "Untitled",
        "transform" : [
          0.99670523,
          2.5739642e-09,
          0.08110806,
          0,
          0.02191425,
          0.9628082,
          -0.26929533,
          0,
          -0.07809151,
          0.27018556,
          0.9596361,
          0,
          -0.032672103,
          0.13157411,
          0.47063562,
          1
        ]
      },
      {
        "date" : 743405457.361349,
        "title" : "Untitled",
        "transform" : [
          0.99116474,
          5.6517004e-09,
          -0.13263683,
          0,
          -0.13130468,
          0.14137098,
          -0.98121023,
          0,
          0.01875099,
          0.98995674,
          0.14012189,
          0,
          0.0148432525,
          0.48471162,
          0.06864025,
          1
        ]
      },
      {
        "date" : 743405453.41303,
        "title" : "Untitled",
        "transform" : [
          0.99116474,
          5.6517004e-09,
          -0.13263683,
          0,
          -0.13130468,
          0.14137098,
          -0.98121023,
          0,
          0.01875099,
          0.98995674,
          0.14012189,
          0,
          0.047911357,
          2.558254,
          0.36124828,
          1
        ]
      },
      {
        "date" : 743405451.226807,
        "title" : "Untitled",
        "transform" : [
          0.99073905,
          5.206088e-09,
          -0.13577987,
          0,
          -0.13569713,
          0.034899537,
          -0.99013555,
          0,
          0.004738648,
          0.99939084,
          0.034576308,
          0,
          0.011698553,
          2.5825355,
          0.08850349,
          1
        ]
      },
      {
        "date" : 743405448.65486,
        "title" : "Untitled",
        "transform" : [
          0.9763358,
          9.922057e-09,
          0.21625996,
          0,
          -0.19738716,
          0.40856096,
          0.89113206,
          0,
          -0.08835537,
          -0.91273105,
          0.39889273,
          0,
          -0.2289137,
          -2.3581955,
          1.0314896,
          1
        ]
      }
    ],
    "E1D42338-DCD0-472B-AB9F-A7FC2854182F" : [
      {
        "date" : 743421189.866557,
        "title" : "Untitled",
        "transform" : [
          0.2933203,
          -2.8160018e-08,
          -0.95601434,
          0,
          -0.42331,
          0.89662725,
          -0.12987821,
          0,
          0.8571884,
          0.44278613,
          0.26299888,
          0,
          1.2137429,
          1.6735588,
          0.3745676,
          1
        ]
      },
      {
        "date" : 743421172.585516,
        "title" : "Untitled",
        "transform" : [
          -0.25309682,
          -2.4968891e-08,
          -0.9674409,
          0,
          -0.38890567,
          0.91564214,
          0.10174348,
          0,
          0.8858298,
          0.40199402,
          -0.23174621,
          0,
          1.3009974,
          1.6147102,
          -0.33821362,
          1
        ]
      },
      {
        "date" : 743421164.501042,
        "title" : "Untitled",
        "transform" : [
          0.79466945,
          -2.4056448e-08,
          -0.6070424,
          0,
          -0.27825096,
          0.88876075,
          -0.36425382,
          0,
          0.53951555,
          0.45837137,
          0.706271,
          0,
          0.7515769,
          1.6954784,
          0.9872979,
          1
        ]
      },
      {
        "date" : 743421162.427248,
        "title" : "Untitled",
        "transform" : [
          0.79466957,
          -2.4056451e-08,
          -0.60704243,
          0,
          -0.27825096,
          0.88876075,
          -0.36425382,
          0,
          0.5395156,
          0.45837143,
          0.70627105,
          0,
          1.1055864,
          2.4940867,
          1.4523373,
          1
        ]
      },
      {
        "date" : 743421159.085136,
        "title" : "Untitled",
        "transform" : [
          0.79415256,
          -3.326626e-08,
          -0.60771877,
          0,
          0.17697537,
          0.95665836,
          0.23126736,
          0,
          0.58137923,
          -0.29121286,
          0.7597324,
          0,
          1.8495703,
          0.51485294,
          2.422001,
          1
        ]
      },
      {
        "date" : 743421154.162219,
        "title" : "Untitled",
        "transform" : [
          0.8188062,
          -3.4786454e-09,
          -0.5740701,
          0,
          -0.42947868,
          0.66355294,
          -0.6125728,
          0,
          0.380926,
          0.74812925,
          0.54332125,
          0,
          0.45824867,
          2.9846094,
          0.6589289,
          1
        ]
      },
      {
        "date" : 743421151.592027,
        "title" : "Untitled",
        "transform" : [
          0.81247056,
          -2.2065345e-09,
          -0.58300215,
          0,
          -0.4108527,
          0.7094865,
          -0.57256347,
          0,
          0.41363212,
          0.70471895,
          0.5764369,
          0,
          0.30611154,
          1.5603225,
          0.4293885,
          1
        ]
      },
      {
        "date" : 743421149.952825,
        "title" : "Untitled",
        "transform" : [
          0.97944564,
          -2.3616282e-09,
          0.20170845,
          0,
          0.13862008,
          0.7264399,
          -0.6731044,
          0,
          -0.14652905,
          0.68722993,
          0.71150833,
          0,
          -0.11559492,
          1.5470163,
          0.5532302,
          1
        ]
      },
      {
        "date" : 743421143.538366,
        "title" : "Untitled",
        "transform" : [
          0.33185,
          1.820565e-09,
          0.9433322,
          0,
          0.13718067,
          0.9893698,
          -0.048258103,
          0,
          -0.9333043,
          0.1454214,
          0.32832235,
          0,
          -1.2750874,
          0.94190204,
          0.44683087,
          1
        ]
      },
      {
        "date" : 743421140.243743,
        "title" : "Untitled",
        "transform" : [
          0.9998263,
          2.983806e-10,
          -0.018635118,
          0,
          -0.0052298494,
          0.9598117,
          -0.28059605,
          0,
          0.017886205,
          0.28064477,
          0.959645,
          0,
          0.020885754,
          1.1194464,
          1.2079275,
          1
        ]
      }
    ]
  },
  "sceneViewportBackgroundColors" : {

  },
  "selectedSceneRelativePath" : "DioramaAssembled.usda"
}