{
  "advancedEditorSelectedIdentifier" : "ProjectBrowser",
  "openSceneRelativePaths" : [
    "Immersive.usda",
    "Scene.usda"
  ],
  "recentIdentifiers" : {

  },
  "sceneCameraHistory" : {
    "AF09ED6F-1707-48FD-8720-65B998362C09" : [
      {
        "date" : 743419482.048539,
        "title" : "Untitled",
        "transform" : [
          0.9997472,
          1.4159988e-10,
          -0.02248408,
          0,
          -0.0025334938,
          0.9936314,
          -0.11265096,
          0,
          0.022340886,
          0.112679444,
          0.99338025,
          0,
          -0.013337061,
          0.4660261,
          1.807232,
          1
        ]
      },
      {
        "date" : 743419233.576717,
        "title" : "Untitled",
        "transform" : [
          0.9997472,
          1.4159988e-10,
          -0.02248408,
          0,
          -0.0025334938,
          0.9936314,
          -0.11265096,
          0,
          0.022340886,
          0.112679444,
          0.99338025,
          0,
          -0.08611469,
          0.46602634,
          1.8088689,
          1
        ]
      },
      {
        "date" : 743419230.537262,
        "title" : "Untitled",
        "transform" : [
          0.9979611,
          -7.900642e-13,
          -0.06382544,
          0,
          -7.414024e-05,
          0.99999934,
          -0.0011592411,
          0,
          0.0638254,
          0.0011616095,
          0.99796045,
          0,
          -0.029094666,
          0.31740013,
          1.8550442,
          1
        ]
      },
      {
        "date" : 743419228.561181,
        "title" : "Untitled",
        "transform" : [
          1,
          0,
          0,
          0,
          0,
          1,
          0,
          0,
          0,
          0,
          1,
          0,
          -0.11552164,
          0.31583124,
          1.8507922,
          1
        ]
      },
      {
        "date" : 743419225.977117,
        "title" : "Untitled",
        "transform" : [
          1,
          0,
          0,
          0,
          0,
          1,
          0,
          0,
          0,
          0,
          1,
          0,
          -0.11552164,
          0.31583124,
          2,
          1
        ]
      },
      {
        "date" : 743419220.195182,
        "title" : "Untitled",
        "transform" : [
          1,
          0,
          0,
          0,
          0,
          1,
          0,
          0,
          0,
          0,
          1,
          0,
          -0.019625023,
          0.32397667,
          2.0653265,
          1
        ]
      },
      {
        "date" : 743419216.932316,
        "title" : "Untitled",
        "transform" : [
          1,
          0,
          0,
          0,
          0,
          1,
          0,
          0,
          0,
          0,
          1,
          0,
          -0.095320866,
          0.32397655,
          2.0653265,
          1
        ]
      },
      {
        "date" : 743419215.169249,
        "title" : "Untitled",
        "transform" : [
          1,
          0,
          0,
          0,
          0,
          1,
          0,
          0,
          0,
          0,
          1,
          0,
          -0.002803687,
          0.3323873,
          2.0653265,
          1
        ]
      },
      {
        "date" : 743419176.375083,
        "title" : "Untitled",
        "transform" : [
          0.99993634,
          -1.876365e-11,
          -0.011284484,
          0,
          0.00053936307,
          0.9988571,
          0.04779383,
          0,
          0.011271587,
          -0.047796875,
          0.9987935,
          0,
          -0.07685669,
          0.70188063,
          2.1232007,
          1
        ]
      },
      {
        "date" : 743419171.351355,
        "title" : "Untitled",
        "transform" : [
          0.99993634,
          -1.876365e-11,
          -0.011284484,
          0,
          0.00053936307,
          0.9988571,
          0.04779383,
          0,
          0.011271587,
          -0.047796875,
          0.9987935,
          0,
          -0.3278577,
          0.638488,
          2.1229997,
          1
        ]
      }
    ],
    "D66134B1-3681-4A8E-AFE5-29F257229F3B" : [
      {
        "date" : 743419535.856348,
        "title" : "Untitled",
        "transform" : [
          0.99930394,
          -1.292964e-09,
          0.03730713,
          0,
          0.035033535,
          0.3437597,
          -0.93840396,
          0,
          -0.012824704,
          0.9390577,
          0.3435203,
          0,
          3.904722,
          94.53169,
          32.380737,
          1
        ]
      },
      {
        "date" : 743418242.201335,
        "title" : "Untitled",
        "transform" : [
          0.99930394,
          -1.292964e-09,
          0.03730713,
          0,
          0.035033535,
          0.3437597,
          -0.93840396,
          0,
          -0.012824704,
          0.9390577,
          0.3435203,
          0,
          0.07095655,
          1.7178286,
          0.5884223,
          1
        ]
      },
      {
        "date" : 743418232.76511,
        "title" : "Untitled",
        "transform" : [
          0.9999705,
          -5.393921e-10,
          -0.0076894853,
          0,
          -0.0076775583,
          0.05569018,
          -0.9984186,
          0,
          0.00042820704,
          0.99844813,
          0.055688452,
          0,
          0.09332026,
          1.8138232,
          0.05956156,
          1
        ]
      },
      {
        "date" : 743418229.411261,
        "title" : "Untitled",
        "transform" : [
          0.9994586,
          -5.6452365e-10,
          0.032901987,
          0,
          0.032881938,
          0.03489967,
          -0.99884975,
          0,
          -0.001148287,
          0.99939084,
          0.034880694,
          0,
          0.09206836,
          1.8146849,
          0.02556039,
          1
        ]
      },
      {
        "date" : 743417801.713159,
        "title" : "Untitled",
        "transform" : [
          0.9995098,
          1.428712e-09,
          0.031311654,
          0,
          0.0045626583,
          0.9893262,
          -0.14564627,
          0,
          -0.030977454,
          0.14571773,
          0.98884106,
          0,
          0.04061331,
          0.3363968,
          1.9768962,
          1
        ]
      },
      {
        "date" : 743417765.545255,
        "title" : "Untitled",
        "transform" : [
          0.9996412,
          8.7370833e-10,
          0.026789663,
          0,
          0.012860352,
          0.87724155,
          -0.47987694,
          0,
          -0.023501016,
          0.48004922,
          0.87692666,
          0,
          0.055972993,
          1.0008771,
          1.7372514,
          1
        ]
      },
      {
        "date" : 743417678.921665,
        "title" : "Untitled",
        "transform" : [
          0.9996412,
          8.7370833e-10,
          0.026789663,
          0,
          0.012860352,
          0.87724155,
          -0.47987694,
          0,
          -0.023501016,
          0.48004922,
          0.87692666,
          0,
          -0.025428962,
          1.0009179,
          1.7350472,
          1
        ]
      },
      {
        "date" : 743417673.770509,
        "title" : "Untitled",
        "transform" : [
          0.9996412,
          8.7370833e-10,
          0.026789663,
          0,
          0.012860352,
          0.87724155,
          -0.47987694,
          0,
          -0.023501016,
          0.48004922,
          0.87692666,
          0,
          -0.04690231,
          0.96119386,
          1.7562175,
          1
        ]
      },
      {
        "date" : 743417671.479195,
        "title" : "Untitled",
        "transform" : [
          0.9923366,
          9.901893e-10,
          -0.123564936,
          0,
          -0.068735845,
          0.83099955,
          -0.55201006,
          0,
          0.1026824,
          0.55627304,
          0.8246312,
          0,
          0.20580503,
          1.1138475,
          1.6514786,
          1
        ]
      },
      {
        "date" : 743417668.670844,
        "title" : "Untitled",
        "transform" : [
          0.9923366,
          9.901893e-10,
          -0.123564936,
          0,
          -0.068735845,
          0.83099955,
          -0.55201006,
          0,
          0.1026824,
          0.55627304,
          0.8246312,
          0,
          0.13767235,
          0.7447451,
          1.104313,
          1
        ]
      }
    ]
  },
  "sceneViewportBackgroundColors" : {

  },
  "selectedSceneRelativePath" : "Scene.usda"
}